86
0 L 0 0 1
1 L 0 1 5
2 L 0 2 2
3 L 0 2 2
4 L 0 2 2
5 L 0 2 1
6 L 0 4 2
7 L 0 5 5
8 L 0 5 1
9 L 0 7 2
10 L 0 7 2
11 L 0 7 2
12 L 0 7 2
13 L 0 8 5
14 L 0 10 2
15 L 0 10 2
16 L 0 10 2
17 L 0 10 2
18 L 0 10 2
19 L 0 10 2
0 D 393 0 1
0 L 0 11 2
1 D 267 1 1
1 D 309 1 1
1 D 626 1 1
1 D 446 1 1
1 D 58 1 1
1 L 0 12 1
2 D 452 2 1
2 D 521 2 1
2 L 0 12 1
3 D 293 2 1
3 D 774 2 1
3 L 0 12 1
4 D 243 2 1
4 D 511 2 1
4 L 0 12 1
5 D 255 2 1
5 L 0 12 1
6 D 277 4 1
6 D 582 4 1
6 L 0 12 1
7 D 591 5 1
7 D 537 5 1
7 D 669 5 1
7 D 441 5 1
7 D 673 5 1
7 L 0 12 1
8 D 394 5 1
8 L 0 13 2
9 D 728 7 1
9 D 300 7 1
9 L 0 14 2
10 D 733 7 1
10 D 349 7 1
10 L 0 14 2
11 D 270 7 1
11 D 606 7 1
11 L 0 14 2
12 D 714 7 1
12 D 274 7 1
12 L 0 14 1
13 D 339 8 1
13 D 552 8 1
13 D 5 8 1
13 D 60 8 1
13 D 572 8 1
13 L 0 15 2
14 D 302 10 1
14 D 566 10 1
14 L 0 15 2
15 D 499 10 1
15 D 78 10 1
15 L 0 16 3
16 D 270 10 1
16 D 533 10 1
16 L 0 16 3
17 D 611 10 1
17 D 291 10 1
17 L 0 16 3
18 D 771 10 1
18 D 54 10 1
18 L 0 17 4
19 D 57 10 1
19 D 637 10 1
19 L 0 17 4