lightest 2
0 L 3 0 1
0 L 4 0 1
0 L 5 1 1
0 L 3 6 1
1 L 5 1 5
2 L 5 1 5
3 L 0 2 2
3 L 3 6 2
3 L 0 62 1
3 L 1 62 2
4 L 0 2 2
4 L 3 6 2
4 L 2 62 2
4 L 3 62 1
5 L 0 2 1
5 L 1 2 1
5 L 3 6 2
5 L 3 62 2
5 L 4 62 1
6 L 1 2 2
6 L 3 6 2
6 L 4 62 1
6 L 5 62 2
7 L 2 2 1
7 L 3 2 1
7 L 3 6 1
7 L 0 50 2
8 L 3 2 2
8 L 3 13 1
8 L 6 62 1
8 L 7 62 3
9 L 3 2 1
9 L 4 2 1
9 L 3 13 1
9 L 8 62 1
9 L 7 145 1
10 L 4 2 2
10 L 3 13 1
10 L 7 145 1
10 L 1 197 1
11 L 4 2 2
11 L 3 13 1
11 L 7 145 1
11 L 1 197 1
12 L 4 2 1
12 L 5 2 1
12 L 3 13 1
12 L 7 145 1
12 L 2 197 1
13 L 5 2 2
13 L 3 13 1
13 L 7 145 1
13 L 3 197 1
14 L 6 2 2
14 L 8 22 1
14 L 1 50 1
15 L 6 2 2
15 L 8 22 1
15 L 1 50 1
16 L 6 2 2
16 L 8 22 1
16 L 1 50 1
17 L 7 2 2
17 L 8 22 1
17 L 1 50 1
18 L 7 2 2
18 L 8 22 1
18 L 2 50 1
19 L 7 2 2
19 L 8 22 1
19 L 2 50 1
20 L 8 2 2
20 L 8 22 1
20 L 2 50 1
21 L 8 2 1
21 L 0 3 1
21 L 2 50 1
22 L 1 3 1
22 L 1 4 1
22 L 8 5 1
22 L 7 145 1
23 L 2 3 1
23 L 3 4 1
23 L 8 5 1
23 L 7 145 1
24 L 2 3 1
24 L 4 4 1
24 L 8 5 1
24 L 7 145 1
25 L 2 3 1
25 L 4 4 1
25 L 8 5 1
25 L 7 145 1
26 L 4 3 1
26 L 8 5 2
26 L 0 47 1
27 L 8 5 5
27 L 1 47 1
28 L 8 5 5
28 L 2 47 1
29 L 8 5 3
29 L 2 7 1
29 L 2 50 2
1 D 148 1 1
2 D 295 1 1
27 D 1011 5 1
28 D 88 47 1
14 D 547 22 1
15 D 246 22 1
16 D 251 2 1
17 D 88 50 1
18 D 1131 22 1
19 D 431 2 1
20 D 339 50 1
21 D 61 2 1
26 D 682 5 1
29 D 986 7 1
0 D 777 0 1
3 D 777 62 1
4 D 1248 62 1
6 D 764 62 1
7 D 1094 6 1
8 D 936 62 1
10 D 1064 145 1
11 D 793 197 1
13 D 228 145 1
22 D 229 3 1
23 D 501 145 1
24 D 394 145 1
25 D 542 3 1
5 D 674 6 1
9 D 536 62 1
12 D 598 13 1
0 D 338 6 1
3 D 219 62 1
14 D 1065 50 1
4 D 565 2 1
27 D 713 5 1
15 D 43 50 1
16 D 424 22 1
28 D 54 5 1
17 D 106 2 1
18 D 1215 50 1
19 D 733 2 1
20 D 359 22 1
29 D 45 50 2
6 D 541 6 1
10 D 844 13 1
16 D 387 2 1
11 D 199 2 1
21 D 470 50 1
26 D 151 47 1
13 D 1067 197 1
22 D 457 5 1
8 D 142 13 1
23 D 106 3 1
7 D 609 2 1
26 D 1172 5 1
5 D 148 6 1
9 D 675 2 1
24 D 563 4 1
12 D 656 197 1
14 D 1198 2 1
15 D 681 2 1
3 D 831 2 1
25 D 205 145 1
1 D 99 1 1
0 D 1113 1 1
12 D 621 145 1
11 D 651 2 1
27 D 726 47 1
8 D 73 2 1
17 D 782 22 1
2 D 858 1 1
4 D 1191 2 1
20 D 385 2 1
29 D 511 5 1
10 D 801 197 1
6 D 226 62 1
18 D 1168 2 1
21 D 97 3 1
5 D 97 62 1
9 D 794 13 1
25 D 949 5 1
8 D 749 62 1
22 D 415 145 1
11 D 97 145 1
19 D 507 22 1
9 D 99 145 1
16 D 714 50 1
28 D 482 5 1
26 D 1039 3 1
24 D 385 5 1
8 D 145 62 1
10 D 1074 2 1
13 D 329 13 1
17 D 1077 2 1
22 D 364 4 1
27 D 1205 5 1
15 D 863 2 1
12 D 907 2 1
29 D 600 5 1
5 D 550 2 1
1 D 694 1 1
11 D 1205 13 1
23 D 447 5 1
2 D 460 1 1
8 D 514 2 1
27 D 623 5 1
16 L 2 7 2
16 L 0 8 1
16 L 2 50 1
16 L 7 145 1
16 L 3 197 1
1 D 503 1 1
3 D 1247 6 1
25 D 937 4 1
28 D 714 5 1
24 D 523 3 1
6 D 457 6 1
21 L 2 7 2
21 L 0 8 1
21 L 2 50 1
21 L 7 145 1
21 L 4 197 1
14 D 694 2 1
7 D 412 50 1
19 D 1190 50 1
22 L 2 7 2
22 L 1 8 1
22 L 2 50 1
22 L 7 145 1
22 L 5 197 1
11 L 2 7 2
11 L 1 8 1
11 L 2 50 1
11 L 7 145 1
11 L 5 197 1
15 L 2 7 2
15 L 2 8 1
15 L 3 50 1
15 L 7 145 1
15 L 5 197 1
13 D 1016 2 1
26 L 2 7 2
26 L 2 8 1
26 L 3 50 1
26 L 7 145 1
26 L 6 197 1
2 D 1237 1 1
4 D 909 6 1
28 D 962 5 1
14 L 2 7 2
14 L 2 8 1
14 L 3 50 1
14 L 7 145 1
14 L 6 197 1
29 D 920 5 1
18 D 500 2 1
10 D 1045 2 1
1 D 604 1 1
17 L 2 7 2
17 L 2 8 1
17 L 3 50 1
17 L 7 145 1
18 L 2 7 2
18 L 3 8 1
18 L 4 50 1
18 L 7 145 1
27 D 582 5 1
19 L 2 7 2
19 L 3 8 1
19 L 4 50 1
19 L 7 145 1
20 D 640 2 1
23 D 877 4 1
10 L 4 8 2
10 L 5 8 3
10 L 2 47 1
2 D 868 1 1
3 D 1070 2 1
24 L 5 8 2
24 L 6 8 3
24 L 3 47 1
25 L 6 8 5
25 L 3 47 1
7 D 871 50 1
13 D 1070 2 1
6 D 380 2 1
21 D 215 8 1
29 L 6 8 2
29 L 7 8 1
29 L 4 11 2
4 D 0 6 1
16 D 1023 8 1
13 L 2 9 1
13 L 0 10 1
13 L 4 50 1
13 L 5 184 1
21 D 1110 7 1
11 D 489 8 1
26 D 1127 8 1
1 L 0 10 2
1 L 4 50 1
1 L 7 145 1
16 D 348 50 1
15 D 83 8 1
22 D 615 8 1
20 L 0 10 1
20 L 1 10 1
20 L 4 50 1
20 L 7 145 1
2 L 1 10 2
2 L 5 50 1
2 L 7 145 1
21 D 626 50 1
14 D 192 8 1
19 D 1036 7 1
11 D 389 50 1
23 L 1 10 2
23 L 5 50 1
23 L 7 145 1
26 D 651 197 1
3 D 1112 6 1
28 D 280 5 1
17 D 552 145 1
18 D 317 145 1
15 D 101 7 1
16 D 563 197 1
21 D 858 7 1
6 D 98 2 1
22 D 174 145 1
11 D 1133 145 1
10 D 494 47 1
14 D 541 7 1
19 D 803 7 1
16 D 996 145 1
27 L 1 10 1
27 L 2 10 1
27 L 5 50 1
27 L 7 145 1
26 D 736 50 1
28 L 2 10 1
28 L 3 10 1
28 L 5 50 1
28 L 7 145 1
11 D 456 7 1
19 D 300 8 1
21 D 1171 145 1
11 D 112 7 1
24 D 642 8 1
21 D 934 197 1
19 D 1108 145 1
15 D 910 197 1
14 D 359 7 1
11 D 1212 197 1
25 D 771 8 1
19 D 1218 50 1
17 D 94 50 1
16 D 420 7 1
18 D 284 8 1
22 D 364 7 1
19 L 3 10 2
19 L 6 50 1
19 L 7 145 1
26 D 168 145 1
15 D 1174 145 1
15 D 130 7 1
11 L 3 10 1
11 L 4 10 1
11 L 0 63 1
16 D 1194 7 1
21 L 4 10 2
21 L 0 63 1
10 D 566 8 1
16 L 4 10 2
16 L 0 63 1
26 D 569 7 1
14 D 414 50 1
29 D 69 11 1
17 D 158 8 1
13 D 9 184 1
20 D 1023 10 1
13 D 924 10 1
24 D 1120 47 1
17 D 273 7 1
22 D 481 50 1
15 D 247 50 1
20 D 988 50 1
25 D 907 47 1
14 D 690 145 1
17 D 71 7 1
26 D 532 7 1
24 D 27 8 1
13 D 1027 9 1
18 D 195 7 1
2 D 752 10 1
22 D 440 197 1
19 D 124 10 1
24 D 878 8 1
17 L 4 10 1
17 L 5 10 1
17 L 0 63 1
29 D 1140 11 1
14 D 818 197 1
10 D 1032 8 1
29 D 169 8 1
15 L 5 10 2
15 L 1 63 1
23 D 488 10 1
11 D 215 63 1
1 D 1018 10 1
22 D 841 7 1
25 D 35 8 1
26 L 6 10 2
26 L 1 63 1
16 D 732 63 1
28 D 541 10 1
11 D 985 10 1
21 D 986 63 1
2 D 10 10 1
13 D 639 50 1
25 D 1145 8 1
19 D 1115 10 1
16 D 300 10 1
20 D 769 145 1
10 D 607 8 1
18 D 334 7 1
21 D 154 10 1
19 D 212 50 1
23 D 319 145 1
25 D 569 8 1
1 D 671 50 1
27 D 1205 10 1
2 D 221 145 1
25 D 1047 8 1
28 D 730 145 1
16 D 17 10 1
19 D 433 145 1
25 L 4 11 4
25 L 1 63 1
25 L 7 145 1
22 L 4 11 2
22 L 9 14 1
22 L 7 145 1
17 D 462 63 1
18 D 211 50 1
14 L 9 12 1
14 L 0 16 1
14 L 1 63 1
14 L 5 184 1
1 D 846 10 1
2 D 109 50 1
23 D 221 10 1
19 L 9 12 1
19 L 0 16 1
19 L 1 63 1
19 L 5 184 1
16 L 9 12 1
16 L 0 16 1
16 L 1 63 1
16 L 5 184 1
21 D 1199 10 1
1 D 841 145 1
17 D 1205 10 1
21 L 9 12 1
21 L 0 16 1
21 L 1 63 1
21 L 5 184 1
13 L 9 12 1
13 L 0 16 1
13 L 2 63 1
13 L 5 184 1
1 L 9 12 1
1 L 0 16 1
1 L 2 63 1
1 L 5 184 1
27 D 364 145 1
15 D 1243 63 1
23 D 331 50 1
26 D 122 63 1
27 D 884 50 1
18 L 9 12 1
18 L 0 16 1
18 L 2 63 1
18 L 5 184 1
28 D 755 50 1
2 L 9 12 1
2 L 0 16 1
2 L 2 63 1
2 L 5 184 1
15 D 422 10 1
16 D 246 16 1
26 D 704 10 1
22 D 890 14 1
13 D 8 16 1
19 D 88 184 1
21 D 1131 16 1
16 D 931 184 1
22 D 844 11 1
25 D 881 63 1
16 D 148 63 1
23 L 9 12 1
23 L 0 16 1
23 L 2 63 1
23 L 5 184 1
13 D 229 184 1
15 D 207 10 1
19 D 1221 12 1
21 D 1229 184 1
14 D 431 16 1
21 D 1058 63 1
15 L 9 12 1
15 L 0 16 1
15 L 2 63 1
15 L 5 184 1
13 D 656 63 1
19 D 342 16 1
1 D 181 16 1
26 D 376 10 1
16 D 794 12 1
19 D 1052 63 1
25 D 353 11 1
22 D 962 145 1
14 D 1094 184 1
13 D 499 12 1
21 D 1204 12 1
13 L 9 12 1
13 L 0 16 1
13 L 2 63 1
13 L 5 184 1
14 D 537 63 1
26 L 9 12 1
26 L 1 16 1
26 L 2 63 1
26 L 5 184 1
1 D 620 184 1
16 L 9 12 1
16 L 1 16 1
16 L 3 63 1
16 L 5 184 1
19 L 9 12 1
19 L 1 16 1
19 L 3 63 1
19 L 5 184 1
2 D 350 16 1
21 L 9 12 1
21 L 1 16 1
21 L 3 63 1
21 L 5 184 1
1 D 763 63 1
18 D 793 184 1
25 D 779 11 1
1 D 871 12 1
14 D 67 12 1
13 D 624 16 1
2 D 722 184 1
22 D 593 11 1
18 D 436 16 1
1 L 9 12 1
1 L 2 16 1
1 L 3 63 1
1 L 5 184 1
19 D 231 16 1
23 D 1122 16 1
16 D 1210 16 1
18 D 930 63 1
2 D 407 63 1
21 D 223 184 1
13 D 419 63 1
18 D 592 12 1
15 D 752 184 1
25 D 1142 145 1
18 L 9 14 2
26 D 429 16 1
19 D 553 184 1
23 D 985 184 1
16 D 806 12 1
25 D 1171 11 1
19 D 576 63 1
22 L 9 14 2
2 D 479 12 1
21 D 553 16 1
13 D 155 184 1
14 L 9 14 2
15 D 517 16 1
23 D 1185 63 1
16 D 1108 184 1
2 L 9 14 2
21 D 955 63 1
26 D 1202 184 1
16 D 450 63 1
25 D 863 11 1
16 L 9 14 2
1 D 47 63 1
13 D 430 12 1
15 D 612 63 1
18 D 452 14 1
25 L 9 14 2
19 D 725 12 1
26 D 195 63 1
18 D 732 14 1
23 D 70 12 1
18 L 9 14 2
15 D 270 12 1
19 L 9 14 2
21 D 850 12 1
26 D 0 12 1
1 D 509 184 1
2 D 665 14 1
18 D 641 14 1
16 D 1110 14 1
14 D 698 14 1
13 L 9 14 2
22 D 219 14 1
15 L 9 14 2
23 L 9 14 2
2 D 116 14 1
25 D 733 14 1
18 D 649 14 1
19 D 59 14 1
16 D 163 14 1
14 D 163 14 1
2 L 9 14 2
21 L 9 14 2
18 L 0 15 2
18 L 3 63 1
16 L 0 15 2
16 L 3 63 1
22 D 1092 14 1
1 D 621 16 1
14 L 0 15 2
14 L 4 63 1
13 D 1104 14 1
25 D 450 14 1
1 D 170 12 1
22 L 0 15 2
22 L 4 63 1
19 D 264 14 1
26 L 1 15 2
26 L 4 63 1
2 D 1218 14 1
15 D 888 14 1
18 D 193 15 1
19 L 1 15 2
19 L 4 63 1
18 D 1200 15 1
16 D 1249 15 1
14 D 1200 15 1
13 D 859 14 1
23 D 695 14 1
18 D 592 63 1
16 D 402 15 1
14 D 959 15 1
22 D 624 15 1
21 D 998 14 1
2 D 958 14 1
16 D 577 63 1
13 L 1 15 2
13 L 4 63 1
14 D 210 63 1
25 L 1 15 2
25 L 4 63 1
18 L 1 15 1
18 L 2 15 1
18 L 4 63 1
1 L 2 15 2
1 L 4 63 1
15 D 934 14 1
22 D 517 15 1
16 L 2 15 2
16 L 4 63 1
19 D 292 15 1
2 L 3 15 2
2 L 4 63 1
14 L 3 15 2
14 L 5 63 1
23 D 1180 14 1
18 D 83 15 1
26 D 723 15 1
25 D 552 15 1
22 D 595 63 1
19 D 97 15 1
15 L 4 15 2
15 L 5 63 1
21 D 692 14 1
13 D 37 15 1
16 D 1012 15 1
18 D 1224 63 1
22 L 5 15 2
22 L 5 63 1
23 L 5 15 2
23 L 5 63 1
19 D 289 63 1
26 D 304 15 1
14 D 20 15 2
25 D 972 15 1
2 D 603 63 1
26 D 78 63 1
19 L 5 15 1
19 L 2 16 1
19 L 0 21 1
19 L 7 145 1
21 L 2 16 3
21 L 5 63 1
13 D 17 15 1
1 D 849 15 1
15 D 1196 15 1
25 D 631 63 1
16 D 738 15 1
26 L 2 16 1
26 L 3 16 2
26 L 5 63 1
22 D 637 63 1
14 D 948 63 1
13 D 937 63 1
2 D 976 15 1
16 D 367 63 1
25 L 3 16 3
25 L 5 63 1
23 D 96 15 1
1 D 289 15 1
15 D 289 15 1
2 D 1079 15 1
19 D 1243 21 1
13 L 3 16 3
13 L 6 63 1
14 L 3 16 1
14 L 4 16 2
14 L 6 63 1
26 D 642 16 1
1 D 253 63 1
16 L 4 16 3
16 L 6 63 1
2 L 4 16 3
2 L 6 63 1
15 D 440 63 1
22 D 1002 15 1
21 D 184 16 1
1 L 4 16 1
1 L 5 16 2
1 L 6 63 1
19 D 943 16 1
15 L 5 16 3
15 L 7 145 2
15 L 5 184 1
23 D 597 63 1
26 D 611 16 1
19 D 884 15 1
21 D 873 16 1
26 D 188 63 1
21 D 510 16 1
25 D 312 16 1
23 D 872 15 1
23 L 5 16 3
23 L 7 145 2
23 L 5 184 1
21 D 1197 63 1
14 D 370 16 1
2 D 627 16 1
13 D 704 16 1
16 D 1192 16 1
25 D 837 16 1
1 D 575 16 1
19 D 1237 145 1
15 D 982 184 1
19 L 0 17 4
19 L 5 184 1
22 D 1185 15 1
14 D 197 16 1
2 D 111 16 1
21 L 0 17 1
21 L 1 17 3
21 L 5 184 1
13 D 946 16 1
25 D 645 16 1
2 D 374 16 1
13 D 597 16 1
2 D 225 63 1
23 D 801 184 1
15 D 1162 16 1
16 D 103 16 1
13 D 546 63 1
16 D 1008 16 1
1 D 265 16 1
2 L 1 17 1
2 L 2 17 3
2 L 5 184 1
16 D 405 63 1
22 L 2 17 2
22 L 3 17 2
22 L 5 184 1
25 D 360 63 1
14 D 98 63 1
23 D 531 16 1
13 L 3 17 2
13 L 4 17 2
13 L 5 184 1
1 D 490 63 1
16 L 4 17 4
16 L 5 184 1
19 D 386 17 1
15 D 467 16 1
23 D 65 16 1
15 D 183 16 1
21 D 189 17 1
25 L 5 17 1
25 L 3 18 1
25 L 0 21 1
25 L 7 145 3
22 D 14 17 1
19 D 450 184 1
2 D 1072 17 1
23 D 647 16 1
15 D 1213 145 1
19 D 867 17 1
21 D 675 17 1
19 D 144 17 1
22 D 506 184 1
23 D 162 145 1
21 D 574 184 1
2 D 1032 17 1
19 D 703 17 1
22 D 330 17 1
13 D 683 184 1
15 D 269 145 1
21 D 130 17 1
2 D 468 184 1
19 L 3 18 2
19 L 5 184 1
2 D 1051 17 1
15 L 3 18 2
15 L 5 184 1
16 D 708 184 1
23 D 201 145 1
23 L 3 18 2
23 L 5 184 1
13 D 369 17 1
25 D 777 18 1
25 D 698 21 1
19 D 215 18 1
13 D 994 17 1
19 D 536 18 1
16 D 1196 17 1
16 D 561 17 1
25 D 1224 145 1
19 D 1185 184 1
16 D 150 17 1
15 D 313 18 1
16 D 739 17 1
15 D 293 18 1
16 L 3 18 2
16 L 5 184 1
25 D 569 17 1
19 L 3 18 2
19 L 5 184 1
15 D 221 184 1
23 D 535 18 1
25 D 604 145 1
23 D 507 18 1
15 L 3 18 2
15 L 5 184 1
23 D 1179 184 1
19 D 602 18 1
25 D 567 145 1
16 D 681 18 1
19 D 191 18 1
23 L 3 18 2
23 L 5 184 1
25 L 3 18 2
25 L 5 184 1
19 D 719 184 1
16 D 154 18 1
15 D 477 18 1
19 L 3 18 2
19 L 5 184 1
16 D 1049 184 1
16 L 3 18 2
16 L 5 184 1
15 D 169 18 1
15 D 230 184 1
23 D 833 18 1
15 L 3 18 2
15 L 5 184 1
19 D 851 18 1
25 D 447 18 1
16 D 695 18 1
23 D 769 18 1
19 D 826 184 1
23 D 68 184 1
25 D 827 18 1
15 D 791 18 1
16 D 962 18 1
16 D 962 184 1
23 L 3 18 2
23 L 5 184 1
25 D 467 184 1
19 D 58 18 1
16 L 3 18 2
16 L 5 184 1
25 L 3 18 2
25 L 5 184 1
19 L 3 18 2
19 L 5 184 1
15 D 544 184 1
15 D 1180 18 1
23 D 289 18 1
15 L 3 18 2
15 L 5 184 1
25 D 433 184 1
16 D 265 184 1
19 D 397 18 1
23 D 597 18 1
15 D 1180 18 1
23 D 897 184 1
25 D 504 18 1
23 L 7 19 1
23 L 3 20 1
23 L 4 162 1
23 L 5 184 1
16 D 705 18 1
25 D 1016 18 1
16 D 89 18 1
19 D 183 184 1
25 L 7 19 1
25 L 3 20 1
25 L 4 162 1
25 L 5 184 1
19 D 818 18 1
16 L 7 19 1
16 L 3 20 1
16 L 4 162 1
16 L 5 184 1
19 L 7 19 1
19 L 3 20 1
19 L 4 162 1
19 L 5 184 1
15 D 170 184 1
23 D 1200 162 1
15 D 4 18 1
23 D 793 20 1
23 D 1189 19 1
23 D 269 184 1
25 D 453 162 1
16 D 350 20 1
15 L 7 19 1
15 L 3 20 1
15 L 4 162 1
15 L 5 184 1
25 D 1189 19 1
19 D 1127 19 1
25 D 858 20 1
16 D 654 19 1
19 D 527 162 1
16 D 713 162 1
23 L 7 19 1
23 L 0 21 2
23 L 8 22 1
19 D 225 184 1
16 D 572 184 1
25 D 125 184 1
19 D 367 20 1
16 L 7 19 1
16 L 1 21 1
16 L 3 21 1
16 L 8 22 1
25 L 7 19 1
25 L 4 21 1
25 L 5 21 1
25 L 8 22 1
15 D 1221 19 1
23 D 117 19 1
15 D 752 162 1
15 D 195 20 1
23 D 1000 22 1
19 L 7 19 1
19 L 5 21 2
19 L 8 22 1
23 D 249 21 1
23 D 20 21 1
15 D 685 184 1
23 L 7 19 1
23 L 6 21 1
23 L 7 21 1
23 L 8 22 1
16 D 1056 19 1
16 D 463 21 1
25 D 795 19 1
16 D 99 22 1
19 D 930 21 1
23 D 983 19 1
25 D 643 21 1
19 D 344 19 1
23 D 26 21 1
25 D 164 22 1
15 L 7 19 1
15 L 8 21 2
15 L 8 22 1
19 D 907 21 1
23 D 195 22 1
19 D 601 22 1
19 L 7 19 1
19 L 8 22 1
19 L 5 23 3
15 D 596 19 1
19 D 290 23 1
19 D 228 23 1
19 D 565 23 1
19 D 476 19 1
15 D 1025 21 1
15 D 1167 22 1
15 D 955 21 1
19 D 717 22 1
15 L 7 19 1
15 L 5 23 3
15 L 2 44 1
19 L 7 19 1
19 L 5 23 3
19 L 2 44 1
15 D 1200 44 1
15 D 931 23 1
15 D 763 23 1
15 D 589 23 1
15 D 978 19 1
19 D 106 23 1
15 L 7 19 1
15 L 5 23 3
15 L 2 44 1
19 D 996 44 1
19 D 1120 23 1
19 D 458 19 1
19 D 1002 23 1
15 D 483 23 1
19 L 7 19 1
19 L 5 23 1
19 L 1 24 1
15 D 262 23 1
15 D 30 44 1
15 D 410 19 1
19 D 454 24 1
15 D 700 23 1
19 D 1077 19 1
15 L 7 19 1
15 L 1 24 1
15 L 2 44 1
19 D 579 23 1
15 D 749 24 1
19 L 7 19 1
19 L 1 24 1
19 L 2 44 1
15 D 966 44 1
15 D 569 19 1
19 D 471 24 1
15 L 7 19 1
15 L 1 24 1
15 L 0 45 1
19 D 197 44 1
15 D 1023 45 1
19 D 884 19 1
15 D 97 24 1
15 D 670 19 1
19 L 7 19 1
19 L 1 24 1
19 L 0 45 1
15 L 2 24 1
15 L 3 24 1
15 L 9 25 1
15 L 5 184 1
15 L 0 342 1
19 D 1064 45 1
19 D 471 24 1
19 D 421 19 1
15 D 492 342 1
15 D 187 25 1
15 D 606 24 1
15 D 947 184 1
19 L 3 24 2
19 L 9 25 1
19 L 0 299 1
19 D 198 299 1
19 D 199 25 1
19 D 655 24 1
19 D 55 24 1
19 L 3 24 2
19 L 9 25 1
19 L 0 299 1
19 D 1023 299 1
19 D 566 25 1
19 D 285 24 1
19 D 201 24 1
19 L 4 24 1
19 L 5 24 1
19 L 9 25 1
19 L 0 299 1
19 D 339 299 1
19 D 981 24 1
19 D 136 25 1